# Covariates parameters
IP1 <- 6;           IP2 <- 6
DP1 <- c(40, 40);   DP2 <- c(40, 40)
CP1 <- c(0, 0);     CP2 <- c(-2, pi/2)
FP1 <- c(0.6, 0.2); FP2 <- c(0.1, 0.5)